# Created by Octave 4.0.0, Sun Mar 06 11:25:07 2016 PST <TMINNIGALIEV-W7+tminnigaliev@tminnigaliev-w7>
# name: a
# type: matrix
# ndims: 3
 2 3 4
 0
 1
 2
 3
 4
 5
 6
 7
 8
 9
 10
 11
 12
 13
 14
 15
 16
 17
 18
 19
 20
 21
 22
 23


