# Created by Octave 4.0.0, Tue Mar 01 20:33:10 2016 AST <TMINNIGALIEV-W7+tminnigaliev@tminnigaliev-w7>
# name: a4x4cplx
# type: complex matrix
# rows: 4
# columns: 4
 (0.4983375790935363,0.07556377627839421) (0.4976521543595754,0.2873640057245055) (0.917719953184935,0.2458738160860944) (0.4674862644680135,0.7711583192263375)
 (0.6682847106243559,0.8064160471683747) (0.6916985987818545,0.7810563145995247) (0.9264677039743063,0.3168974271269528) (0.01996870306848801,0.9516619871799931)
 (0.6850976243370257,0.2971088334184597) (0.915323224704834,0.2179007469955258) (0.220800842543004,0.6983195236635943) (0.02767872614865801,0.8064800571241988)
 (0.7701396683068993,0.3528783777773022) (0.762749186380016,0.5088670312432778) (0.3294769896386147,0.2443570228492878) (0.6183057715127301,0.3229649551698718)


