# Created by Octave 4.0.0, Sun Mar 13 14:34:03 2016 PST <TMINNIGALIEV-W7+tminnigaliev@tminnigaliev-w7>
# name: a
# type: matrix
# rows: 0004
# columns: 4
 0 1 2 3
 4 5 6 7
 8 9 10 11
 12 13 14 15


