# Created by Octave 4.0.0, Tue Mar 01 20:34:03 2016 AST <TMINNIGALIEV-W7+tminnigaliev@tminnigaliev-w7>
# name: a4x4x4cplx
# type: complex matrix
# ndims: 3
 4 4 4
 (0.4951029347127909,0.3014332827732126)
 (0.8285153710868509,0.6130849463497378)
 (0.495883840031409,0.5349796127102353)
 (0.6582775778846934,0.01439482036339961)
 (0.4133566034239914,0.5911600464818134)
 (0.1848272608868525,0.85304103509888)
 (0.3968768515859718,0.03637995743358817)
 (0.02027657894375872,0.6323720398673522)
 (0.8325716993166725,0.8794378481776336)
 (0.7595821242637435,0.3314700547242175)
 (0.2797271988715909,0.4669058625843421)
 (0.3811205000827784,0.2566700731339366)
 (0.8384597854987332,0.2785962473232632)
 (0.6810012426705465,0.2983001010980815)
 (0.6694623235326768,0.05616783319778045)
 (0.3268726439352443,0.2908736620998139)
 (0.9414554538572844,0.7646128183543094)
 (0.6732640921676746,0.9616448405012464)
 (0.1071878042507363,0.9885711609763713)
 (0.9358831226372067,0.7734442988702757)
 (0.2406142769242074,0.8639141239367011)
 (0.04372141350197183,0.4745599626111659)
 (0.6362430172654098,0.7461173691583094)
 (0.9966604696763499,0.366406018148492)
 (0.4764634408568267,0.9836493665746179)
 (0.5736787730738352,0.3785417230067582)
 (0.2108075430366683,0.6965696188224851)
 (0.9169356867448468,0.5724272455265408)
 (0.0955317228403713,0.2225313447110206)
 (0.5601396716996867,0.3352990514242549)
 (0.8990309521533064,0.6371736152369255)
 (0.5915803234677079,0.8984701115066621)
 (0.9634927765043969,0.8948821599893729)
 (0.1580396141533829,0.418193821362213)
 (0.07434071225303467,0.5754249656708487)
 (0.1542810980872617,0.3391096517549725)
 (0.2293358019745623,0.6718193664412034)
 (0.5858076797115385,0.2740521178198894)
 (0.871972131884908,0.419568794042229)
 (0.6245257801568977,0.8567184289496595)
 (0.5138687925998008,0.09856950404982372)
 (0.5089644163985324,0.1135929132040701)
 (0.9881809666051936,0.1191663131018286)
 (0.473679725905467,0.6705035525575733)
 (0.9681195515622946,0.1531116692207347)
 (0.7976520089391445,0.7798755364996135)
 (0.8328425877696872,0.9298717919367748)
 (0.2412680779606882,0.6535377138987019)
 (0.1819335699709029,0.7016631372620339)
 (0.3169960036731835,0.7394407418392155)
 (0.6352984846068707,0.09732958599026702)
 (0.2355487140044447,0.7389527152794727)
 (0.7003981252006798,0.402109928533606)
 (0.2125644768318297,0.7193247792924683)
 (0.297099197743557,0.5807696969107993)
 (0.2861808883973868,0.6109161600994171)
 (0.9934132100183422,0.9658673895612417)
 (0.1801280451232225,0.9242760215643309)
 (0.4759030016304334,0.4534750132773045)
 (0.6167535955238442,0.4923890326075448)
 (0.6358322376620856,0.3048233881268064)
 (0.2176837018356819,0.2074222582486451)
 (0.3507991457644531,0.4966158354431068)
 (0.6025770368413038,0.8122393205791646)


