# Created by Octave 4.0.0, Thu Jul 21 22:25:04 2016 MSK <TMINNIGALIEV-W7+tminnigaliev@tminnigaliev-w7>
# name: kohonen_in
# type: matrix
# rows: 100
# columns: 10
 1 0.5403023058681398 -0.4161468365471424 -0.9899924966004454 -0.6536436208636119 0.2836621854632262 0.9601702866503661 0.7539022543433046 -0.1455000338086135 -0.9111302618846769
 0 0.8414709848078965 0.9092974268256817 0.1411200080598672 -0.7568024953079282 -0.9589242746631385 -0.2794154981989259 0.6569865987187891 0.9893582466233818 0.4121184852417566
 1 0.5403023058681398 -0.4161468365471424 -0.9899924966004454 -0.6536436208636119 0.2836621854632262 0.9601702866503661 0.7539022543433046 -0.1455000338086135 -0.9111302618846769
 0 0.8414709848078965 0.9092974268256817 0.1411200080598672 -0.7568024953079282 -0.9589242746631385 -0.2794154981989259 0.6569865987187891 0.9893582466233818 0.4121184852417566
 1 0.5403023058681398 -0.4161468365471424 -0.9899924966004454 -0.6536436208636119 0.2836621854632262 0.9601702866503661 0.7539022543433046 -0.1455000338086135 -0.9111302618846769
 0 0.8414709848078965 0.9092974268256817 0.1411200080598672 -0.7568024953079282 -0.9589242746631385 -0.2794154981989259 0.6569865987187891 0.9893582466233818 0.4121184852417566
 1 0.5403023058681398 -0.4161468365471424 -0.9899924966004454 -0.6536436208636119 0.2836621854632262 0.9601702866503661 0.7539022543433046 -0.1455000338086135 -0.9111302618846769
 0 0.8414709848078965 0.9092974268256817 0.1411200080598672 -0.7568024953079282 -0.9589242746631385 -0.2794154981989259 0.6569865987187891 0.9893582466233818 0.4121184852417566
 1 0.5403023058681398 -0.4161468365471424 -0.9899924966004454 -0.6536436208636119 0.2836621854632262 0.9601702866503661 0.7539022543433046 -0.1455000338086135 -0.9111302618846769
 0 0.8414709848078965 0.9092974268256817 0.1411200080598672 -0.7568024953079282 -0.9589242746631385 -0.2794154981989259 0.6569865987187891 0.9893582466233818 0.4121184852417566
 1 0.5403023058681398 -0.4161468365471424 -0.9899924966004454 -0.6536436208636119 0.2836621854632262 0.9601702866503661 0.7539022543433046 -0.1455000338086135 -0.9111302618846769
 0 0.8414709848078965 0.9092974268256817 0.1411200080598672 -0.7568024953079282 -0.9589242746631385 -0.2794154981989259 0.6569865987187891 0.9893582466233818 0.4121184852417566
 1 0.5403023058681398 -0.4161468365471424 -0.9899924966004454 -0.6536436208636119 0.2836621854632262 0.9601702866503661 0.7539022543433046 -0.1455000338086135 -0.9111302618846769
 0 0.8414709848078965 0.9092974268256817 0.1411200080598672 -0.7568024953079282 -0.9589242746631385 -0.2794154981989259 0.6569865987187891 0.9893582466233818 0.4121184852417566
 1 0.5403023058681398 -0.4161468365471424 -0.9899924966004454 -0.6536436208636119 0.2836621854632262 0.9601702866503661 0.7539022543433046 -0.1455000338086135 -0.9111302618846769
 0 0.8414709848078965 0.9092974268256817 0.1411200080598672 -0.7568024953079282 -0.9589242746631385 -0.2794154981989259 0.6569865987187891 0.9893582466233818 0.4121184852417566
 1 0.5403023058681398 -0.4161468365471424 -0.9899924966004454 -0.6536436208636119 0.2836621854632262 0.9601702866503661 0.7539022543433046 -0.1455000338086135 -0.9111302618846769
 0 0.8414709848078965 0.9092974268256817 0.1411200080598672 -0.7568024953079282 -0.9589242746631385 -0.2794154981989259 0.6569865987187891 0.9893582466233818 0.4121184852417566
 1 0.5403023058681398 -0.4161468365471424 -0.9899924966004454 -0.6536436208636119 0.2836621854632262 0.9601702866503661 0.7539022543433046 -0.1455000338086135 -0.9111302618846769
 0 0.8414709848078965 0.9092974268256817 0.1411200080598672 -0.7568024953079282 -0.9589242746631385 -0.2794154981989259 0.6569865987187891 0.9893582466233818 0.4121184852417566
 1 0.5403023058681398 -0.4161468365471424 -0.9899924966004454 -0.6536436208636119 0.2836621854632262 0.9601702866503661 0.7539022543433046 -0.1455000338086135 -0.9111302618846769
 0 0.8414709848078965 0.9092974268256817 0.1411200080598672 -0.7568024953079282 -0.9589242746631385 -0.2794154981989259 0.6569865987187891 0.9893582466233818 0.4121184852417566
 1 0.5403023058681398 -0.4161468365471424 -0.9899924966004454 -0.6536436208636119 0.2836621854632262 0.9601702866503661 0.7539022543433046 -0.1455000338086135 -0.9111302618846769
 0 0.8414709848078965 0.9092974268256817 0.1411200080598672 -0.7568024953079282 -0.9589242746631385 -0.2794154981989259 0.6569865987187891 0.9893582466233818 0.4121184852417566
 1 0.5403023058681398 -0.4161468365471424 -0.9899924966004454 -0.6536436208636119 0.2836621854632262 0.9601702866503661 0.7539022543433046 -0.1455000338086135 -0.9111302618846769
 0 0.8414709848078965 0.9092974268256817 0.1411200080598672 -0.7568024953079282 -0.9589242746631385 -0.2794154981989259 0.6569865987187891 0.9893582466233818 0.4121184852417566
 1 0.5403023058681398 -0.4161468365471424 -0.9899924966004454 -0.6536436208636119 0.2836621854632262 0.9601702866503661 0.7539022543433046 -0.1455000338086135 -0.9111302618846769
 0 0.8414709848078965 0.9092974268256817 0.1411200080598672 -0.7568024953079282 -0.9589242746631385 -0.2794154981989259 0.6569865987187891 0.9893582466233818 0.4121184852417566
 1 0.5403023058681398 -0.4161468365471424 -0.9899924966004454 -0.6536436208636119 0.2836621854632262 0.9601702866503661 0.7539022543433046 -0.1455000338086135 -0.9111302618846769
 0 0.8414709848078965 0.9092974268256817 0.1411200080598672 -0.7568024953079282 -0.9589242746631385 -0.2794154981989259 0.6569865987187891 0.9893582466233818 0.4121184852417566
 1 0.5403023058681398 -0.4161468365471424 -0.9899924966004454 -0.6536436208636119 0.2836621854632262 0.9601702866503661 0.7539022543433046 -0.1455000338086135 -0.9111302618846769
 0 0.8414709848078965 0.9092974268256817 0.1411200080598672 -0.7568024953079282 -0.9589242746631385 -0.2794154981989259 0.6569865987187891 0.9893582466233818 0.4121184852417566
 1 0.5403023058681398 -0.4161468365471424 -0.9899924966004454 -0.6536436208636119 0.2836621854632262 0.9601702866503661 0.7539022543433046 -0.1455000338086135 -0.9111302618846769
 0 0.8414709848078965 0.9092974268256817 0.1411200080598672 -0.7568024953079282 -0.9589242746631385 -0.2794154981989259 0.6569865987187891 0.9893582466233818 0.4121184852417566
 1 0.5403023058681398 -0.4161468365471424 -0.9899924966004454 -0.6536436208636119 0.2836621854632262 0.9601702866503661 0.7539022543433046 -0.1455000338086135 -0.9111302618846769
 0 0.8414709848078965 0.9092974268256817 0.1411200080598672 -0.7568024953079282 -0.9589242746631385 -0.2794154981989259 0.6569865987187891 0.9893582466233818 0.4121184852417566
 1 0.5403023058681398 -0.4161468365471424 -0.9899924966004454 -0.6536436208636119 0.2836621854632262 0.9601702866503661 0.7539022543433046 -0.1455000338086135 -0.9111302618846769
 0 0.8414709848078965 0.9092974268256817 0.1411200080598672 -0.7568024953079282 -0.9589242746631385 -0.2794154981989259 0.6569865987187891 0.9893582466233818 0.4121184852417566
 1 0.5403023058681398 -0.4161468365471424 -0.9899924966004454 -0.6536436208636119 0.2836621854632262 0.9601702866503661 0.7539022543433046 -0.1455000338086135 -0.9111302618846769
 0 0.8414709848078965 0.9092974268256817 0.1411200080598672 -0.7568024953079282 -0.9589242746631385 -0.2794154981989259 0.6569865987187891 0.9893582466233818 0.4121184852417566
 1 0.5403023058681398 -0.4161468365471424 -0.9899924966004454 -0.6536436208636119 0.2836621854632262 0.9601702866503661 0.7539022543433046 -0.1455000338086135 -0.9111302618846769
 0 0.8414709848078965 0.9092974268256817 0.1411200080598672 -0.7568024953079282 -0.9589242746631385 -0.2794154981989259 0.6569865987187891 0.9893582466233818 0.4121184852417566
 1 0.5403023058681398 -0.4161468365471424 -0.9899924966004454 -0.6536436208636119 0.2836621854632262 0.9601702866503661 0.7539022543433046 -0.1455000338086135 -0.9111302618846769
 0 0.8414709848078965 0.9092974268256817 0.1411200080598672 -0.7568024953079282 -0.9589242746631385 -0.2794154981989259 0.6569865987187891 0.9893582466233818 0.4121184852417566
