# Created by Octave 4.0.0, Sun Mar 06 16:39:31 2016 PST <TMINNIGALIEV-W7+tminnigaliev@tminnigaliev-w7>
# name: writer
# type: matrix
# rows: 4
# columns: 4
0 4 5 6 
1 4 5 6 
2 4 5 6 
3 4 5 6 
