# Created by Octave 4.0.0, Sun Mar 06 16:39:31 2016 PST <TMINNIGALIEV-W7+tminnigaliev@tminnigaliev-w7>
# name: writer
# type: matrix
# rows: 4
# columns: 4
